-----------------------------------------------------------------------------	0	0	1	2	3	4	5	6	7	8	9	10	11	12	13	14	15	16	17	18	19	20	21	22	23	6	0	1	2	3	4	5	6	7	8	9	10	11	12	13	14	15	16	17	18	19	20	21	22	23	12	0	1	2	3	4	5	6	7	8	9	10	11	12	13	14	15	16	17	18	19	20	21	22	23	18	0	1	2	3	4	5	6	7	8	9	10	11	12	13	14	15	16	17	18	19	20	21	22	23
-----------------------------------------------------------------------------	
0	H -0.002 0.028 0.000 0.000 0.024 -0.003
1	C -0.006 -0.016 0.000 0.000 -0.031 -0.002
2	H 0.008 -0.011 -0.014 -0.008 -0.013 -0.007
3	H 0.000 0.000 0.000 0.000 0.000 0.000
4	C -0.074 -0.106 -0.090 -0.098 -0.087 -0.053
5	C 0.000 0.000 0.000 0.000 0.000 0.000
6	C -0.001 0.000 -0.027 -0.029 0.000 -0.006
7	C 0.000 0.000 0.000 0.000 0.000 0.000
8	H -0.003 0.000 0.025 0.023 0.000 -0.002
9	H 0.000 0.000 0.000 0.000 0.000 0.000
10	C 0.000 0.000 0.000 0.000 0.000 0.000
11	H 0.000 0.000 0.000 0.000 0.000 0.000
12	C 213.525 -2.832 8.235 -2.852 8.243 -2.236
13	C -2.896 8.256 -2.716 213.127 -2.222 8.295
14	C -2.884 213.248 -2.226 8.265 -2.743 8.291
15	C 8.316 -2.225 213.251 -2.772 8.262 -2.859
16	C 8.325 -2.745 8.253 -2.226 213.289 -2.867
17	C -2.237 8.251 -2.817 8.273 -2.850 213.502
18	H 0.000 6.487 1.125 6.498 1.134 1.044
19	H 6.487 0.000 1.045 1.105 6.454 1.124
20	H 1.125 1.045 0.000 6.469 1.104 6.467
21	H 6.498 1.105 6.469 0.000 1.042 1.135
22	H 1.134 6.454 1.104 1.042 0.000 6.469
23	H 1.044 1.124 6.467 1.135 6.469 0.000
