Nucleus 0 H:
0.0	1.0	2.0
0.0	29.068001	-4.472332	0.029866
1.0	-2.408794	23.546994	-0.013668
2.0	0.07073	-0.034122	20.181376
0.0	1.0	2.0
0.0	-0.004473	-0.450131	0.892951
1.0	0.001847	-0.892962	-0.450128
2.0	0.999988	-0.000364	0.004825
0.0	1.0	2.0
0.0	20.181084	21.89978	30.715506

Nucleus 2 H:
0.0	1.0	2.0
0.0	37.669642	0.121462	-0.02834
1.0	0.146227	25.971049	0.000924
2.0	0.216109	0.001535	18.934512
0.0	1.0	2.0
0.0	-0.002851	-0.011244	-0.999933
1.0	-8.2e-05	0.999937	-0.011244
2.0	0.999996	4.9e-05	-0.002852
0.0	1.0	2.0
0.0	18.934128	25.969518	37.671556

Nucleus 3 H:
0.0	1.0	2.0
0.0	27.217233	1.170219	0.042506
1.0	1.624039	24.047727	0.014368
2.0	0.04989	0.019183	20.601233
0.0	1.0	2.0
0.0	-0.006444	-0.349326	-0.936979
1.0	-0.002148	0.937001	-0.349319
2.0	0.999977	-0.000238	-0.006788
0.0	1.0	2.0
0.0	20.600895	23.519885	27.745414

Nucleus 8 H:
0.0	1.0	2.0
0.0	29.058417	4.410945	0.021934
1.0	2.417227	23.57541	0.011527
2.0	0.074231	0.023937	20.185049
0.0	1.0	2.0
0.0	-0.005131	0.449341	0.893346
1.0	0.000587	-0.893356	0.449349
2.0	0.999987	0.00283	0.00432
0.0	1.0	2.0
0.0	20.18479	21.9415	30.692585

Nucleus 9 H:
0.0	1.0	2.0
0.0	24.040265	0.015431	0.022299
1.0	0.016271	27.078563	-0.00187
2.0	0.032359	-0.001141	20.673588
0.0	1.0	2.0
0.0	-0.008005	-0.999954	-0.005223
1.0	0.000263	0.005221	-0.999986
2.0	0.999968	-0.008007	0.000221
0.0	1.0	2.0
0.0	20.673366	24.040404	27.078646

Nucleus 11 H:
0.0	1.0	2.0
0.0	27.188507	-1.192092	0.044232
1.0	-1.620805	24.08212	-0.016013
2.0	0.055603	-0.012758	20.602731
0.0	1.0	2.0
0.0	-0.007213	-0.355761	0.934549
1.0	0.001184	-0.934576	-0.355762
2.0	0.999973	-0.00146	0.007163
0.0	1.0	2.0
0.0	20.602349	23.54004	27.730969

Nucleus 18 H:
0.0	1.0	2.0
0.0	21.025459	-0.034082	0.401741
1.0	-0.021403	26.718594	-0.18494
2.0	1.628962	-0.154785	22.84123
0.0	1.0	2.0
0.0	-0.906831	0.42127	0.013722
1.0	0.007511	0.048702	-0.998785
2.0	0.421427	0.905626	0.047329
0.0	1.0	2.0
0.0	20.571505	23.286803	26.726975

Nucleus 19 H:
0.0	1.0	2.0
0.0	21.220989	0.381442	0.248212
1.0	0.523754	23.819729	-1.429691
2.0	0.779704	-1.208882	25.221767
0.0	1.0	2.0
0.0	0.949425	0.310234	0.048449
1.0	-0.244859	0.828106	-0.504266
2.0	-0.196561	0.466899	0.862188
0.0	1.0	2.0
0.0	21.002114	23.236509	26.023861

Nucleus 20 H:
0.0	1.0	2.0
0.0	21.218477	-0.384685	-0.340979
1.0	-0.523796	23.82092	-1.437086
2.0	-0.877277	-1.214527	25.251227
0.0	1.0	2.0
0.0	0.943705	-0.324135	-0.066007
1.0	0.250571	0.83075	-0.49706
2.0	0.21595	0.452539	0.865202
0.0	1.0	2.0
0.0	20.963361	23.266878	26.060385

Nucleus 21 H:
0.0	1.0	2.0
0.0	21.190804	-0.380999	0.253484
1.0	-0.538149	24.129247	1.612459
2.0	0.888732	1.373426	25.002137
0.0	1.0	2.0
0.0	0.943225	-0.329452	0.042274
1.0	0.242474	0.769945	0.590246
2.0	-0.227007	-0.546485	0.806116
0.0	1.0	2.0
0.0	20.940833	23.253442	26.127912

Nucleus 22 H:
0.0	1.0	2.0
0.0	21.200111	0.28253	-0.400134
1.0	0.436218	24.120349	1.624585
2.0	-1.057276	1.367195	25.000601
0.0	1.0	2.0
0.0	-0.939921	-0.331559	-0.081346
1.0	0.225643	-0.782157	0.580789
2.0	-0.256191	0.527541	0.809979
0.0	1.0	2.0
0.0	20.921907	23.25114	26.148014

Nucleus 23 H:
0.0	1.0	2.0
0.0	21.043006	-0.060598	-0.443323
1.0	-0.072357	26.721304	-0.183981
2.0	-1.639421	-0.159767	22.846842
0.0	1.0	2.0
0.0	0.903196	-0.429214	-0.003371
1.0	0.021739	0.037899	0.999045
2.0	0.428677	0.902407	-0.043561
0.0	1.0	2.0
0.0	20.56496	23.317203	26.728989

Nucleus 1 C:
0.0	1.0	2.0
0.0	9.861892	-46.744895	-1.187917
1.0	-47.129825	-45.130644	-0.24484
2.0	-0.949506	-0.000961	174.80166
0.0	1.0	2.0
0.0	-0.864828	0.502035	-0.005756
1.0	0.502031	0.864847	0.002157
2.0	-0.006062	0.001024	0.999981
0.0	1.0	2.0
0.0	36.755093	-72.030295	174.80811

Nucleus 4 C:
0.0	1.0	2.0
0.0	-67.329367	0.447315	-1.491926
1.0	0.35979	16.751146	0.162727
2.0	-1.532951	0.069178	180.8307
0.0	1.0	2.0
0.0	0.005669	-0.999964	-0.006273
1.0	0.999984	0.005666	0.000454
2.0	-0.000418	-0.006276	0.99998
0.0	1.0	2.0
0.0	16.752959	-67.340458	180.839979

Nucleus 5 C:
0.0	1.0	2.0
0.0	9.195788	44.263668	-1.355804
1.0	45.059191	-45.246986	0.29246
2.0	-1.376558	0.538615	174.992479
0.0	1.0	2.0
0.0	-0.866417	-0.499249	-0.008499
1.0	-0.499277	0.866442	0.00131
2.0	-0.00671	-0.005379	0.999963
0.0	1.0	2.0
0.0	34.258237	-70.320396	175.00344

Nucleus 6 C:
0.0	1.0	2.0
0.0	10.461598	46.308623	-1.451818
1.0	46.926351	-45.701567	0.596123
2.0	-1.036443	0.269246	174.802588
0.0	1.0	2.0
0.0	0.86623	0.499612	-0.005877
1.0	0.499613	-0.866248	-0.00143
2.0	0.005806	0.001697	0.999982
0.0	1.0	2.0
0.0	36.788247	-72.036258	174.81063

Nucleus 7 C:
0.0	1.0	2.0
0.0	-68.712322	0.4165	-2.199564
1.0	0.341609	34.554691	-0.044232
2.0	-2.297286	0.076533	175.10916
0.0	1.0	2.0
0.0	0.004786	-0.999942	-0.009681
1.0	0.999988	0.004782	0.000377
2.0	-0.000331	-0.009682	0.999953
0.0	1.0	2.0
0.0	34.555966	-68.734267	175.12983

Nucleus 10 C:
0.0	1.0	2.0
0.0	8.688935	-44.673605	-1.56243
1.0	-45.354563	-44.538992	-0.371244
2.0	-1.409402	-0.548237	175.030241
0.0	1.0	2.0
0.0	0.863809	-0.503746	-0.00859
1.0	-0.503771	-0.863837	-0.000887
2.0	0.006974	-0.005094	0.999963
0.0	1.0	2.0
0.0	34.350727	-70.213994	175.043451

Nucleus 12 C:
0.0	1.0	2.0
0.0	176.931081	1.316564	4.454143
1.0	1.227916	27.609833	-5.029082
2.0	6.044341	-4.936179	-73.605712
0.0	1.0	2.0
0.0	-0.007209	-0.013453	-0.999884
1.0	0.998794	0.048463	-0.007853
2.0	-0.048563	0.998734	-0.013087
0.0	1.0	2.0
0.0	27.847604	-73.947698	177.035297

Nucleus 13 C:
0.0	1.0	2.0
0.0	176.907403	0.01904	2.394344
1.0	-0.369357	-42.278354	46.238443
2.0	3.302007	46.11092	-0.924418
0.0	1.0	2.0
0.0	-0.014163	0.002929	-0.999895
1.0	0.545215	0.83828	-0.005267
2.0	0.838177	-0.545232	-0.013469
0.0	1.0	2.0
0.0	28.955898	-72.201752	176.950483

Nucleus 14 C:
0.0	1.0	2.0
0.0	176.853107	3.391865	2.824562
1.0	3.642741	-50.885582	-41.233212
2.0	3.386738	-41.17129	7.955606
0.0	1.0	2.0
0.0	-0.006839	-0.015978	-0.999849
1.0	-0.458539	0.888606	-0.011064
2.0	0.888648	0.458394	-0.013403
0.0	1.0	2.0
0.0	29.154151	-72.174746	176.943725

Nucleus 15 C:
0.0	1.0	2.0
0.0	176.890884	1.341809	1.928602
1.0	1.023372	-50.909841	-41.281336
2.0	1.381416	-41.127537	7.917684
0.0	1.0	2.0
0.0	-0.007101	-0.009827	-0.999926
1.0	-0.459381	0.888222	-0.005467
2.0	0.888211	0.459309	-0.010822
0.0	1.0	2.0
0.0	29.123681	-72.133112	176.908158

Nucleus 16 C:
0.0	1.0	2.0
0.0	176.869165	2.217582	1.165631
1.0	2.673219	-42.493125	46.338476
2.0	0.27378	46.082639	-1.209124
0.0	1.0	2.0
0.0	-0.014286	-0.002452	-0.999895
1.0	0.546191	0.837603	-0.009858
2.0	0.837539	-0.546274	-0.010627
0.0	1.0	2.0
0.0	28.734411	-72.468417	176.900921

Nucleus 17 C:
0.0	1.0	2.0
0.0	176.943935	1.153452	1.878719
1.0	1.258811	27.574247	-4.973125
2.0	0.336534	-4.910797	-73.532386
0.0	1.0	2.0
0.0	-0.007283	-0.012077	-0.999901
1.0	0.998822	0.047888	-0.007854
2.0	-0.047978	0.99878	-0.011714
0.0	1.0	2.0
0.0	27.806312	-73.764849	176.944333

